micro_f1: 0.702053, macro_f1: 0.491366, weighted_f1: 0.710688
micro_f1: 0.710000, macro_f1: 0.475064, weighted_f1: 0.727771
