micro_f1: 0.900533, macro_f1: 0.736671, weighted_f1: 0.906960
micro_f1: 0.907966, macro_f1: 0.762476, weighted_f1: 0.911994
